{
 "cells": [
  {
   "cell_type": "code",
   "execution_count": 1,
   "metadata": {},
   "outputs": [],
   "source": [
    "\n",
    "\n",
    "import numpy as np\n",
    "import numpy.typing as npt\n"
   ]
  },
  {
   "cell_type": "markdown",
   "metadata": {},
   "source": [
    "Exercise 1 Haddamard Matrix\n"
   ]
  },
  {
   "cell_type": "code",
   "execution_count": 3,
   "metadata": {},
   "outputs": [
    {
     "name": "stdout",
     "output_type": "stream",
     "text": [
      "[1]\n",
      "[[ 0.70710678  0.70710678]\n",
      " [ 0.70710678 -0.70710678]]\n",
      "[[ 0.5  0.5  0.5  0.5]\n",
      " [ 0.5 -0.5  0.5 -0.5]\n",
      " [ 0.5  0.5 -0.5 -0.5]\n",
      " [ 0.5 -0.5 -0.5  0.5]]\n",
      "[[ 0.35355339  0.35355339  0.35355339  0.35355339  0.35355339  0.35355339\n",
      "   0.35355339  0.35355339]\n",
      " [ 0.35355339 -0.35355339  0.35355339 -0.35355339  0.35355339 -0.35355339\n",
      "   0.35355339 -0.35355339]\n",
      " [ 0.35355339  0.35355339 -0.35355339 -0.35355339  0.35355339  0.35355339\n",
      "  -0.35355339 -0.35355339]\n",
      " [ 0.35355339 -0.35355339 -0.35355339  0.35355339  0.35355339 -0.35355339\n",
      "  -0.35355339  0.35355339]\n",
      " [ 0.35355339  0.35355339  0.35355339  0.35355339 -0.35355339 -0.35355339\n",
      "  -0.35355339 -0.35355339]\n",
      " [ 0.35355339 -0.35355339  0.35355339 -0.35355339 -0.35355339  0.35355339\n",
      "  -0.35355339  0.35355339]\n",
      " [ 0.35355339  0.35355339 -0.35355339 -0.35355339 -0.35355339 -0.35355339\n",
      "   0.35355339  0.35355339]\n",
      " [ 0.35355339 -0.35355339 -0.35355339  0.35355339 -0.35355339  0.35355339\n",
      "   0.35355339 -0.35355339]]\n",
      "[[ 0.25  0.25  0.25  0.25  0.25  0.25  0.25  0.25  0.25  0.25  0.25  0.25\n",
      "   0.25  0.25  0.25  0.25]\n",
      " [ 0.25 -0.25  0.25 -0.25  0.25 -0.25  0.25 -0.25  0.25 -0.25  0.25 -0.25\n",
      "   0.25 -0.25  0.25 -0.25]\n",
      " [ 0.25  0.25 -0.25 -0.25  0.25  0.25 -0.25 -0.25  0.25  0.25 -0.25 -0.25\n",
      "   0.25  0.25 -0.25 -0.25]\n",
      " [ 0.25 -0.25 -0.25  0.25  0.25 -0.25 -0.25  0.25  0.25 -0.25 -0.25  0.25\n",
      "   0.25 -0.25 -0.25  0.25]\n",
      " [ 0.25  0.25  0.25  0.25 -0.25 -0.25 -0.25 -0.25  0.25  0.25  0.25  0.25\n",
      "  -0.25 -0.25 -0.25 -0.25]\n",
      " [ 0.25 -0.25  0.25 -0.25 -0.25  0.25 -0.25  0.25  0.25 -0.25  0.25 -0.25\n",
      "  -0.25  0.25 -0.25  0.25]\n",
      " [ 0.25  0.25 -0.25 -0.25 -0.25 -0.25  0.25  0.25  0.25  0.25 -0.25 -0.25\n",
      "  -0.25 -0.25  0.25  0.25]\n",
      " [ 0.25 -0.25 -0.25  0.25 -0.25  0.25  0.25 -0.25  0.25 -0.25 -0.25  0.25\n",
      "  -0.25  0.25  0.25 -0.25]\n",
      " [ 0.25  0.25  0.25  0.25  0.25  0.25  0.25  0.25 -0.25 -0.25 -0.25 -0.25\n",
      "  -0.25 -0.25 -0.25 -0.25]\n",
      " [ 0.25 -0.25  0.25 -0.25  0.25 -0.25  0.25 -0.25 -0.25  0.25 -0.25  0.25\n",
      "  -0.25  0.25 -0.25  0.25]\n",
      " [ 0.25  0.25 -0.25 -0.25  0.25  0.25 -0.25 -0.25 -0.25 -0.25  0.25  0.25\n",
      "  -0.25 -0.25  0.25  0.25]\n",
      " [ 0.25 -0.25 -0.25  0.25  0.25 -0.25 -0.25  0.25 -0.25  0.25  0.25 -0.25\n",
      "  -0.25  0.25  0.25 -0.25]\n",
      " [ 0.25  0.25  0.25  0.25 -0.25 -0.25 -0.25 -0.25 -0.25 -0.25 -0.25 -0.25\n",
      "   0.25  0.25  0.25  0.25]\n",
      " [ 0.25 -0.25  0.25 -0.25 -0.25  0.25 -0.25  0.25 -0.25  0.25 -0.25  0.25\n",
      "   0.25 -0.25  0.25 -0.25]\n",
      " [ 0.25  0.25 -0.25 -0.25 -0.25 -0.25  0.25  0.25 -0.25 -0.25  0.25  0.25\n",
      "   0.25  0.25 -0.25 -0.25]\n",
      " [ 0.25 -0.25 -0.25  0.25 -0.25  0.25  0.25 -0.25 -0.25  0.25  0.25 -0.25\n",
      "   0.25 -0.25 -0.25  0.25]]\n"
     ]
    }
   ],
   "source": [
    "#a)\n",
    "H1 = 1 / np.sqrt(2) * np.array([[1, 1],\n",
    "               [1, -1]])\n",
    "\n",
    "def Hadamard(n: int):\n",
    "    if n == 0:\n",
    "        return np.array([1])\n",
    "    if n == 1:\n",
    "        return H1\n",
    "    return np.kron(H1, Hadamard(n - 1))\n",
    "\n",
    "\n",
    "for i in range(5):\n",
    "    print(Hadamard(i))"
   ]
  },
  {
   "cell_type": "code",
   "execution_count": 11,
   "metadata": {},
   "outputs": [
    {
     "name": "stdout",
     "output_type": "stream",
     "text": [
      "[ 1. -1. -1. -1.  1. -1. -1.  1.]\n",
      "[ 1. -1. -1. -1.  1. -1. -1.  1.]\n",
      "[False False  True  True  True  True  True  True]\n"
     ]
    }
   ],
   "source": [
    "#b)\n",
    "f_110 = np.array([+1, -1, -1, -1, +1, -1, -1, +1],dtype=float)\n",
    "f_126 = np.array([+1, -1, -1, -1, -1, -1, -1, +1])\n",
    "\n",
    "from numpy.linalg import inv\n",
    "\n",
    "\n",
    "\n",
    "H_3 = Hadamard(3)\n",
    "H_3_inv = inv(H_3)\n",
    "w_110  = H_3_inv @ f_110\n",
    "w_126  = H_3_inv @ f_126\n",
    "\n",
    "print((H_3@w_110)) # f_110\n",
    "print(H_3@w_126) #f_126"
   ]
  },
  {
   "cell_type": "code",
   "execution_count": 15,
   "metadata": {},
   "outputs": [
    {
     "name": "stdout",
     "output_type": "stream",
     "text": [
      "1\n",
      "[[ 1.00000000e+00 -2.23711432e-17]\n",
      " [-2.23711432e-17  1.00000000e+00]]\n",
      "[[ 1.00000000e+00 -1.23259516e-32 -1.23259516e-32  1.23259516e-32]\n",
      " [-1.23259516e-32  1.00000000e+00  1.23259516e-32 -1.23259516e-32]\n",
      " [-1.23259516e-32  1.23259516e-32  1.00000000e+00 -1.23259516e-32]\n",
      " [ 1.23259516e-32 -1.23259516e-32 -1.23259516e-32  1.00000000e+00]]\n",
      "[[1.00000000e+00 5.90395006e-18 5.90395006e-18 7.97383775e-18\n",
      "  5.90395006e-18 7.97383775e-18 2.18516256e-17 5.90395006e-18]\n",
      " [5.90395006e-18 1.00000000e+00 7.97383775e-18 5.90395006e-18\n",
      "  7.97383775e-18 5.90395006e-18 5.90395006e-18 2.18516256e-17]\n",
      " [5.90395006e-18 7.97383775e-18 1.00000000e+00 5.90395006e-18\n",
      "  2.18516256e-17 5.90395006e-18 5.90395006e-18 7.97383775e-18]\n",
      " [7.97383775e-18 5.90395006e-18 5.90395006e-18 1.00000000e+00\n",
      "  5.90395006e-18 2.18516256e-17 7.97383775e-18 5.90395006e-18]\n",
      " [5.90395006e-18 7.97383775e-18 2.18516256e-17 5.90395006e-18\n",
      "  1.00000000e+00 5.90395006e-18 5.90395006e-18 7.97383775e-18]\n",
      " [7.97383775e-18 5.90395006e-18 5.90395006e-18 2.18516256e-17\n",
      "  5.90395006e-18 1.00000000e+00 7.97383775e-18 5.90395006e-18]\n",
      " [2.18516256e-17 5.90395006e-18 5.90395006e-18 7.97383775e-18\n",
      "  5.90395006e-18 7.97383775e-18 1.00000000e+00 5.90395006e-18]\n",
      " [5.90395006e-18 2.18516256e-17 7.97383775e-18 5.90395006e-18\n",
      "  7.97383775e-18 5.90395006e-18 5.90395006e-18 1.00000000e+00]]\n",
      "[[ 1.00000000e+00 -6.93334780e-33 -6.93334780e-33  6.93334780e-33\n",
      "   1.38777878e-17  6.93334780e-33  6.93334780e-33 -6.93334780e-33\n",
      "   1.38777878e-17  6.93334780e-33  6.93334780e-33 -6.93334780e-33\n",
      "   1.38777878e-17 -6.93334780e-33 -6.93334780e-33  6.93334780e-33]\n",
      " [-6.93334780e-33  1.00000000e+00  6.93334780e-33 -6.93334780e-33\n",
      "   6.93334780e-33  1.38777878e-17 -6.93334780e-33  6.93334780e-33\n",
      "   6.93334780e-33  1.38777878e-17 -6.93334780e-33  6.93334780e-33\n",
      "  -6.93334780e-33  1.38777878e-17  6.93334780e-33 -6.93334780e-33]\n",
      " [-6.93334780e-33  6.93334780e-33  1.00000000e+00 -6.93334780e-33\n",
      "   6.93334780e-33 -6.93334780e-33  1.38777878e-17  6.93334780e-33\n",
      "   6.93334780e-33 -6.93334780e-33  1.38777878e-17  6.93334780e-33\n",
      "  -6.93334780e-33  6.93334780e-33  1.38777878e-17 -6.93334780e-33]\n",
      " [ 6.93334780e-33 -6.93334780e-33 -6.93334780e-33  1.00000000e+00\n",
      "  -6.93334780e-33  6.93334780e-33  6.93334780e-33  1.38777878e-17\n",
      "  -6.93334780e-33  6.93334780e-33  6.93334780e-33  1.38777878e-17\n",
      "   6.93334780e-33 -6.93334780e-33 -6.93334780e-33  1.38777878e-17]\n",
      " [ 1.38777878e-17  6.93334780e-33  6.93334780e-33 -6.93334780e-33\n",
      "   1.00000000e+00 -6.93334780e-33 -6.93334780e-33  6.93334780e-33\n",
      "   1.38777878e-17 -6.93334780e-33 -6.93334780e-33  6.93334780e-33\n",
      "   1.38777878e-17  6.93334780e-33  6.93334780e-33 -6.93334780e-33]\n",
      " [ 6.93334780e-33  1.38777878e-17 -6.93334780e-33  6.93334780e-33\n",
      "  -6.93334780e-33  1.00000000e+00  6.93334780e-33 -6.93334780e-33\n",
      "  -6.93334780e-33  1.38777878e-17  6.93334780e-33 -6.93334780e-33\n",
      "   6.93334780e-33  1.38777878e-17 -6.93334780e-33  6.93334780e-33]\n",
      " [ 6.93334780e-33 -6.93334780e-33  1.38777878e-17  6.93334780e-33\n",
      "  -6.93334780e-33  6.93334780e-33  1.00000000e+00 -6.93334780e-33\n",
      "  -6.93334780e-33  6.93334780e-33  1.38777878e-17 -6.93334780e-33\n",
      "   6.93334780e-33 -6.93334780e-33  1.38777878e-17  6.93334780e-33]\n",
      " [-6.93334780e-33  6.93334780e-33  6.93334780e-33  1.38777878e-17\n",
      "   6.93334780e-33 -6.93334780e-33 -6.93334780e-33  1.00000000e+00\n",
      "   6.93334780e-33 -6.93334780e-33 -6.93334780e-33  1.38777878e-17\n",
      "  -6.93334780e-33  6.93334780e-33  6.93334780e-33  1.38777878e-17]\n",
      " [ 1.38777878e-17  6.93334780e-33  6.93334780e-33 -6.93334780e-33\n",
      "   1.38777878e-17 -6.93334780e-33 -6.93334780e-33  6.93334780e-33\n",
      "   1.00000000e+00 -6.93334780e-33 -6.93334780e-33  6.93334780e-33\n",
      "   1.38777878e-17  6.93334780e-33  6.93334780e-33 -6.93334780e-33]\n",
      " [ 6.93334780e-33  1.38777878e-17 -6.93334780e-33  6.93334780e-33\n",
      "  -6.93334780e-33  1.38777878e-17  6.93334780e-33 -6.93334780e-33\n",
      "  -6.93334780e-33  1.00000000e+00  6.93334780e-33 -6.93334780e-33\n",
      "   6.93334780e-33  1.38777878e-17 -6.93334780e-33  6.93334780e-33]\n",
      " [ 6.93334780e-33 -6.93334780e-33  1.38777878e-17  6.93334780e-33\n",
      "  -6.93334780e-33  6.93334780e-33  1.38777878e-17 -6.93334780e-33\n",
      "  -6.93334780e-33  6.93334780e-33  1.00000000e+00 -6.93334780e-33\n",
      "   6.93334780e-33 -6.93334780e-33  1.38777878e-17  6.93334780e-33]\n",
      " [-6.93334780e-33  6.93334780e-33  6.93334780e-33  1.38777878e-17\n",
      "   6.93334780e-33 -6.93334780e-33 -6.93334780e-33  1.38777878e-17\n",
      "   6.93334780e-33 -6.93334780e-33 -6.93334780e-33  1.00000000e+00\n",
      "  -6.93334780e-33  6.93334780e-33  6.93334780e-33  1.38777878e-17]\n",
      " [ 1.38777878e-17 -6.93334780e-33 -6.93334780e-33  6.93334780e-33\n",
      "   1.38777878e-17  6.93334780e-33  6.93334780e-33 -6.93334780e-33\n",
      "   1.38777878e-17  6.93334780e-33  6.93334780e-33 -6.93334780e-33\n",
      "   1.00000000e+00 -6.93334780e-33 -6.93334780e-33  6.93334780e-33]\n",
      " [-6.93334780e-33  1.38777878e-17  6.93334780e-33 -6.93334780e-33\n",
      "   6.93334780e-33  1.38777878e-17 -6.93334780e-33  6.93334780e-33\n",
      "   6.93334780e-33  1.38777878e-17 -6.93334780e-33  6.93334780e-33\n",
      "  -6.93334780e-33  1.00000000e+00  6.93334780e-33 -6.93334780e-33]\n",
      " [-6.93334780e-33  6.93334780e-33  1.38777878e-17 -6.93334780e-33\n",
      "   6.93334780e-33 -6.93334780e-33  1.38777878e-17  6.93334780e-33\n",
      "   6.93334780e-33 -6.93334780e-33  1.38777878e-17  6.93334780e-33\n",
      "  -6.93334780e-33  6.93334780e-33  1.00000000e+00 -6.93334780e-33]\n",
      " [ 6.93334780e-33 -6.93334780e-33 -6.93334780e-33  1.38777878e-17\n",
      "  -6.93334780e-33  6.93334780e-33  6.93334780e-33  1.38777878e-17\n",
      "  -6.93334780e-33  6.93334780e-33  6.93334780e-33  1.38777878e-17\n",
      "   6.93334780e-33 -6.93334780e-33 -6.93334780e-33  1.00000000e+00]]\n"
     ]
    }
   ],
   "source": [
    "for i in range(5):\n",
    "    H = Hadamard(i)\n",
    "    print(H.conj().T @ H)  "
   ]
  },
  {
   "cell_type": "markdown",
   "metadata": {},
   "source": [
    "findings:\n",
    "H.conj().T @ H is the 2^n x 2^n identity matrix. Therefore H are unitary matrices <=> Column and Row vectors are orthogonal and the\n",
    "column vectors form a complete basis for 2^n-dim vector space. Therefore  every 2^n-dimensional vector has a Hadamard transform.\n"
   ]
  },
  {
   "cell_type": "code",
   "execution_count": 16,
   "metadata": {},
   "outputs": [
    {
     "name": "stdout",
     "output_type": "stream",
     "text": [
      "[ 1. -1. -1. -1.  1. -1. -1.  1.]\n",
      "[ 1. -1. -1. -1. -1. -1. -1.  1.]\n"
     ]
    }
   ],
   "source": [
    "#b)\n",
    "f_110 = np.array([+1, -1, -1, -1, +1, -1, -1, +1],dtype=float)\n",
    "f_126 = np.array([+1, -1, -1, -1, -1, -1, -1, +1])\n",
    "\n",
    "\n",
    "\n",
    "\n",
    "H_3 = Hadamard(3)\n",
    "H_3_inv = H_3.T # because H is unitary and real\n",
    "w_110  = H_3_inv @ f_110\n",
    "w_126  = H_3_inv @ f_126\n",
    "\n",
    "print((H_3@w_110)) # f_110\n",
    "print(H_3@w_126) #f_126"
   ]
  },
  {
   "cell_type": "code",
   "execution_count": null,
   "metadata": {},
   "outputs": [],
   "source": []
  }
 ],
 "metadata": {
  "kernelspec": {
   "display_name": "Python 3",
   "language": "python",
   "name": "python3"
  },
  "language_info": {
   "codemirror_mode": {
    "name": "ipython",
    "version": 3
   },
   "file_extension": ".py",
   "mimetype": "text/x-python",
   "name": "python",
   "nbconvert_exporter": "python",
   "pygments_lexer": "ipython3",
   "version": "3.11.6"
  }
 },
 "nbformat": 4,
 "nbformat_minor": 2
}
